# ID
10041
10044
1031
10553
107252
10797
10907
11039
11210
11215
11216
11233
11239
11240
11249
11250
11251
11255
11260
11269
11270
11271
11416
11447
11507
11511
11512
11519
11523
11542
11549
11551
11564
11582
11592
11594
11597
11601
11610
11611
11612
11621
11675
11738
11863
12014
12048
12096
12180
12220
12243
12260
12266
12330
12585
12659
12724
12763
12969
12970
12984
12986
13159
13357
136729
137136
138074
139398
14018
14040
140591
140592
14062
140668
14462
15421
15431
15504
15505
15507
15508
16270
16657
17149
175694
17779
18309
18508
18818
18848
18851
18852
18853
19502
19589
19751
19951
19966
20615
21122
22386
22468
23468
23528
23544
25403
26057
263
27519
27535
28026
31272
31276
32737
32935
35363
35364
35368
35411
356
3776
39145
51806
522010
5326158
5364870
6324
6325
6334
6360
6403
6556
6560
6568
6569
6584
6589
69649
69655
702
7237
7282
7288
7296
7342
7459
7463
7500
7519
7668
77058
77414
7762
7843
7844
7868
7869
7892
7895
7907
7910
7915
7962
8003
8004
8058
8078
8125
8126
81818
8252
8255
8257
8452
86061
8723
8857
8900
91517
9253
9265
9266
